Club	League	Cheapest season ticket	Most expensive season ticket	Cheapest match-day ticket	Most expensive match-day ticket	Cheapest day out	Programme	Pie	Tea	lat	lon	e	n
Arsenal	1	985	1955	26	126	34.3	3	3.3	2	51.554928	-0.108597	531224.7116	185699.6393
Aston Villa	1	325	595	20	45	28.3	3	3.2	2.1	52.508973	-1.884756	407918.7919	290126.2377
Chelsea	1	595	1250	41	87	49.6	3	3.6	2	51.481757	-0.190737	525731.6839	177418.6429
Everton	1	399	672.3	31	43	38.9	3	2.8	2.1	53.438659	-2.966137	335917.6429	393977.4031
Fulham	1	399	959	20	75	29.3	3.5	3.9	1.9	51.474928	-0.221443	523618.0627	176606.9911
Liverpool	1	725	802	39	48	47.3	3	3.1	2.2	53.430887	-2.960901	336253.8063	393108.0786
Man City	1	275	695	26	58	35	3	3.5	2.5	53.483114	-2.200613	386784.5999	398507.0853
Man United	1	532	950	30	52	38.6	3	3.1	2.5	53.463067	-2.291197	380764	396298
Newcastle	1	322	909	15	70	23	3	2.8	2.2	54.975422	-1.621213	424343.9714	564600.018
Norwich	1	471	790	30	50	38	3.5	2.5	2	52.622109	1.308789	624058.9767	307845.4076
QPR	1	499	949	25	55	33	3	3	2	51.509172	-0.232022	522791.4334	180397.2902
Reading	1	350	595	37	50	45	3	3.2	1.8	51.422273	-0.982504	470845.1116	169742.1833
Southampton	1	495	780	28	48	36.2	3	3.2	2	50.905577	-1.390972	442919.4108	111965.9517
Stoke	1	344	609	25	50	33.1	3.5	2.6	2	52.988544	-2.175207	388335.5728	343482.0528
Sunderland	1	400	845	25	40	33	3	2.9	2.1	54.914341	-1.38814	439322.0667	557908.5398
Swansea	1	429	499	35	45	42.8	3	3	1.8	51.641579	-3.935766	266148.5033	195417.0146
Tottenham	1	730	1845	32	81	41.2	3.5	3.7	2	51.603106	-0.065918	534041.6059	191134.587
West Brom	1	349	449	25	39	33.1	3	2.9	2.2	52.50905706	-1.963750454	402557.3362	290129.9844
West Ham	1	480	850	36	67	44.5	3.5	3	2	51.531874	0.039268	541546.4939	183411.4445
Wigan	1	255	310	20	0	27.1	3	2.3	1.8	53.547626	-2.653799	356776.9441	405864.5396
Barnsley	2	315	435	25	28	33.1	3	3	2.1	53.552292	-1.467791	435357.6665	406316.2891
Birmingham	2	351	583	21	40	29	3	2.8	2.2	52.475762	-1.868556	409025.015	286433.8734
Blackburn	2	259	459	15	37	22.5	3	2.3	2.2	53.728379	-2.489004	367834.4089	425886.7303
Blackpool	2	339	404	24	25	30.7	3	2.2	1.5	53.804655	-3.047848	331089.5608	434771.5532
Bolton	2	285	475	22	35	28.9	3	2.4	1.5	53.58071	-2.535782	364624.345	409479.9484
Brighton	2	425	625	28	39	37.4	3.5	3.9	2	50.852694	-0.159473	529653.2139	107522.1833
Bristol City	2	249	419	25	30	33	3	3	2	51.438549	-2.629112	356368	171249
Burnley	2	299	526	22	31	29.3	3	2.5	1.8	53.789218	-2.230053	384941.1806	432569.121
Cardiff	2	329	519	0	0	7.6	3	3	1.6	51.474621	-3.19994	316758.1588	175756.2949
Charlton	2	290	425	20	30	27.8	3	2.95	1.85	51.486487	0.036221	541475.5966	178358.4779
Crystal Palace	2	395	540	20	30	28.5	3	3.5	2	51.398188	-0.085659	533270.5482	168311.1629
Derby	2	300	560	0	0	7.9	3	2.9	2	52.914725	-1.447105	437276.2006	335398.6866
Huddersfield	2	339	599	10	32	17.8	3	2.9	1.9	53.653897	-1.768713	415384.1817	417513.6861
Hull	2	485	552	20	30	28.2	3	3.2	2	53.745761	-0.371325	507504.7401	428940.2751
Ipswich	2	390	745	22.5	42.5	31	3	3.5	2	52.054529	1.145561	615758.859	244241.2645
Leeds	2	462	752	20	38	28.2	4	2.5	1.7	53.777884	-1.571817	428314.7141	431368.4512
Leicester	2	350	650	15	40	22.8	3	3	1.8	52.620272	-1.142578	458143.7077	302845.5001
Middlesbrough	2	450	620	24	31	31.8	3	2.8	2	54.578007	-1.216564	450738.7212	520592.8085
Millwall	2	320	499	26	30	34	3	3	2	51.486013	-0.050533	535454.025	178141.8077
Nott'm Forest	2	370	560	20	35	27.8	3	2.8	2	52.939858	-1.133244	458347.445	338403.0004
Peterboro	2	275	450	15	25	22.9	3	2.9	2	52.564717	-0.240412	519366.4737	297774.7559
Sheffield Weds	2	315	573	24	30	32	3	3	2	53.411367	-1.500621	433292	390622
Watford	2	355	520	26	31	33.6	3	3.2	1.4	51.652091	-0.403876	510518.8475	196017.0124
Wolves	2	389	540	24	30	32.1	3	3	2.1	52.592816	-2.129459	391327.2602	299454.3345
Bournemouth	3	361	494	18	26	26.3	3	3.5	1.8	50.735219	-1.838536	411490.8805	92857.43489
Brentford	3	285	399	21	23	28.5	3	3	1.5	51.488158	-0.302446	517958.6411	177944.7182
Bury	3	260	335	17	21	24	3	2.8	1.2	53.580442	-2.294791	380579.7299	409357.0109
Carlisle	3	321	381	19	22	26.3	3	2.6	1.7	54.895515	-2.913008	341541.6665	556024.2521
Colchester	3	357	501	18	26	25.9	3	2.9	2	51.87559	0.881567	598451.8596	223593.5504
Coventry	3	253	391	18	25	26	3	3	2	52.444122	-1.496201	434340.6741	283025.5399
Crawley Town	3	305	399	17	22	24	3	3	1	51.509755	-0.232974	522723.8056	180460.5273
Crewe	3	275	315	20	20	27.1	3	2.6	1.5	53.087945	-2.436079	370890.5671	354614.5658
Doncaster	3	339	399	15	23	23	3	3	2	53.516226	-1.104641	459467.2353	402544.9294
Hartlepool	3	155	399	20	25	27.75	3	3	1.75	54.689064	-1.21253	450861.0088	532953.265
Leyton Orient	3	200	325	23	25	29.8	3	2.5	1.3	51.560064	-0.013046	537833.0125	186446.3991
Milton Keynes Dons	3	300	360	20	23	27.8	3	3	1.8	52.0096544	-0.733656607	487014.1492	235337.0261
Notts County	3	340	420	22	24	29.2	3	2.5	1.7	52.942638	-1.136913	458097.1588	338709.2794
Oldham	3	303	399	19	20	26.2	3	2.5	1.7	53.555122	-2.128301	391597.732	406507.2275
Portsmouth	3	299	345	20	20	28.5	3	3.5	2	50.796143	-1.063786	466078.9028	100037.4572
Preston	3	340	420	20	22	27.7	3	2.6	2.1	53.773903	-2.693624	354383.7857	431063.9611
Scunthorpe	3	270	354	17	22	24.2	3	2.7	1.5	53.587003	-0.694885	486492.0611	410838.0826
Sheffield United	3	299	479	10	26	17.2	3	3	1.2	53.370685	-1.470484	435329.2029	386110.7563
Shrewsbury	3	270	462	21	24	28.7	3	3.1	1.6	52.707426	-2.745445	349731.4011	312456.3154
Stevenage	3	299	425	17	23	23.5	3	2.5	1	51.889686	-0.193527	524415.5185	222778.5844
Swindon	3	320	380	19	25	27.3	3	3.3	2	51.564266	-1.770945	415974.0766	185068.0795
Tranmere	3	256	390	14.5	23.5	21.5	3	2.5	1.5	53.373754	-3.032484	331405.8889	386818.6504
Walsall	3	215	290	17.5	23	25.1	3	2.8	1.8	52.565291	-1.990499	400741.0819	296384.6713
Yeovil	3	273	361	17	20	24.6	3	3	1.6	50.94983	-2.67354	352782.267	116926.7945
Accrington	4	255	285	17	17	22.5	3	1.5	1	53.765329	-2.370944	375645.1212	429950.5702
AFC Wimbledon	4	260	390	15	22	21.4	3	2.2	1.2	51.404342	-0.2841	519451	168654
Aldershot	4	320	380	17	19	24	3	2.5	1.5	51.248422	-0.754806	487004.9592	150652.9696
Barnet	4	304	418	14	22	21	3	2.5	1.5	51.646066	-0.191703	525212.8157	195689.0152
Bradford	4	199	299	20	20	28	3	3	2	53.804351	-1.759186	415957.1972	434255.0497
Bristol Rvs	4	260	324	18	26	25.5	3	3	1.5	51.4862	-2.58315	359605.3299	176522.3845
Burton	4	255	322	14	16	20.8	3	2.5	1.3	52.821904	-1.626891	425240.2574	324995.2082
Cheltenham	4	265	409	15	20	22.3	3	2.8	1.5	51.905546	-2.061632	395856.7	223002.6162
Chesterfield	4	310	465	18	22	26	3	3	2	53.239434	-1.435604	437765.2329	371526.9525
Dag and Red	4	275	375	17	22	23.1	3	2.4	0.7	51.54779	0.159849	549857.2319	185421.3126
Exeter	4	292	480	17	25	24	3	2.5	1.5	50.730649	-3.521075	292745.6795	93440.51969
Fleetwood Town	4	230	275	15	17	21.6	3	2.4	1.2	53.917663	-3.022978	332908.7206	447320.4553
Gillingham	4	290	449	21	26	28.9	3	3	1.9	51.384209	0.561504	578339.9411	168131.4494
Morecambe	4	252	437	14	24	21.4	3	2.8	1.6	54.067492	-2.847176	344654.5256	463838.0679
Northampton	4	199	380	19	20	27	3	3	2	52.23508	-0.933387	472937.4162	260189.7693
Oxford	4	240	417	19.5	23	27.6	3	3	2.1	51.716027	-1.208282	454793.0342	202218.4646
Plymouth	4	340	425	20	20	19.6	3	2.8	1.8	50.387816	-4.151309	247164.183	56427.14406
Port Vale	4	272	356	20	21	26.9	3	2.3	1.6			394730	378469
Rochdale	4	277.5	370	15	20	21.5	3	2	1.5	53.620768	-2.179928	388196.0141	413818.147
Rotherham	4	340	375	20	22	27	3	2.5	1.5	53.428458	-1.370201	441944.8531	392592.188
Southend	4	350	390	21	21	28.3	3	2.7	1.6	51.549124	0.701859	587428.2187	186818.7411
Torquay	4	295	400	17	21	24	3	3	1	50.476312	-3.522041	292096.7267	65161.72467
Wycombe	4	300	450	18	25	24.7	3	2.5	1.2	51.630578	-0.800157	483143.9119	193099.8861
York	4	242	350	16	19	24	3	2.9	2.1	53.969291	-1.088365	459899.8662	452964.2489
AFC Telford United	5	266	300	14	15	20.5	2.5	2.5	1.5			366211	311238
Alfreton Town	5	289	310	18	18	24.2	3	2.2	1	53.094438	-1.381198	441535.6414	355426.6975
Barrow	5	290	310	14	15	17.3	2.5	0	0.8	54.12323222	-3.23490857	319388.831	470413.0254
Braintree Town	5	0	0	0	0	0		0	0	51.875353	0.572737	577197.8142	222770.8068
Cambridge	5	230	360	15	19	22.5	3	3	1.5	52.212171	0.154313	547287.1905	259292.6112
Dartford	5	226	280	15	15	21	2.5	2.5	1	51.436502	0.23317	555318.2011	173199.0321
Ebbsfleet	5	218.5	310.5	10	15	15.5	2.5	2	1	51.449597	0.322444	561476.4801	174848.0787
Forest Green	5	280	325	14	16	21.5	3	0	1	51.699101	-2.237606	383675	200066
Gateshead	5	280	280	14	14	20.25	2.5	2.6	1.15	54.960568	-1.580411	426965.5726	562961.9457
Grimsby	5	266	414	15	18	22	3	2.5	1.5	53.570135	-0.046349	529470.5485	409944.2689
Hereford	5	234	315	16	18	22.2	2.5	2.5	1.2	52.060242	-2.718076	350865.6118	240450.478
Hyde	5	199	285	14	16	19.7	2.5	2	1.2	53.45062417	-2.068157749	395570.9642	394875.8667
Kidderminster	5	239	334	14	17	22.5	3	4	1.5	52.381211	-2.24297	383558.5451	275936.3105
Lincoln	5	245	335	16	18	23.05	2.5	2.75	1.8	53.218266	-0.540819	497528.8608	370016.9404
Luton	5	270	515	15	18	22.5	3	2.7	1.8	51.884094	-0.431385	508060.9333	221777.3074
Macclesfield	5	289	289	14	18	21.8	3	3	1.8	53.24425	-2.12564	391713.0065	371921.6316
Mansfield	5	230	310	15	18	21.7	3	2.2	1.5	53.138054	-1.200787	453562.635	360398.2291
Newport County	5	300	340	13	17	19.5	3	2.5	1	51.573341	-2.960515	333530.5003	186489.9463
Nuneaton Town	5	199	280	12	14	17.5	2.5	2	1	52.520585	-1.442535	437922.7639	291557.5876
Southport	5	230	345	10	15	16	2.5	2	1.5	53.637847	-2.97869	335388.3147	416148.5191
Stockport	5	250	325	16	18	23.7	3	2.9	1.8	53.399631	-2.166367	389035.4929	389213.4765
Tamworth	5	250	290	12	16	17.7	2.5	2.2	1	52.628685	-1.6891135	421139.9402	303481.7103
Woking	5	245	275	15	15	21	2.5	2.5	1	51.306307	-0.559031	500542.2084	157339.8341
Wrexham	5	200	325	14	18	21.3	3	2.6	1.7	53.051688	-3.003731	332815.936	350963.377
Aberdeen	6	227	415	18	28	24.6	3	1.8	1.8	57.12547706	-2.165463581	390080.9558	803850.9538
Celtic	6	387	609	23	29	30.3	3	2.2	2.1	55.84950337	-4.205326865	262031.4849	664010.7835
Dundee	6	297	297	20	20	27.5	2.5	3	2	56.47456928	-2.973588186	340123.6186	731807.9648
Dundee United	6	299	440	19	25	26.4	3	2.2	2.2	56.47460561	-2.968946259	340409.6174	731807.9671
Heart Of Midlothian	6	310	480	18	28	24.8	3	2	1.8	55.93894737	-3.232390678	323115.739	672452.1005
Hibernian	6	0	0	0	0	0	0	0	0	55.96180064	-3.165116839	327360.7237	674922.6061
Inverness CT	6	200	350	16	30	20.5	0.5	2	2	57.49503952	-4.217437299	267198.2408	847149.8066
Kilmarnock	6	280	330	17	26	22.7	2.5	1.6	1.6			242068	637503
Motherwell	6	270	380	18	25	24.6	3	1.9	1.7			275854	655952
Ross County	6	300	360	20	26	25.6	2	2	1.6			255449	858727
St Johnstone	6	295	360	22	25	27.7	2	1.8	1.9			308663	724818
St Mirren	6	310	350	20	22	26.5	2.5	2.1	1.9			247140	664646
Airdrie United	7	230	230	16	16	21	2	1.5	1.5			277383	664695
Cowdenbeath	7	200	220	15	15	19.5	2	1.5	1			316316	691552
Dumbarton	7	165	180	15	15	19.9	2	1.5	1.4			240042	674497
Dunfermline	7	230	285	17	19	23.3	3	1.8	1.5			310343	687861
Falkirk	7	225	325	18	19	23.7	2.5	1.8	1.4			290350	680285
Hamilton Academical	7	150	150	16	16	21.8	2.5	1.8	1.5			270972	656237
Livingston	7	250	250	17	17	23.3	2	2.2	2.1			304846	666976
Morton	7	210	253.8	15	15	19	2	1.3	0.7	55.94119237	-4.72726359	229765.6888	675375.9316
Partick Thistle	7	260	285	17	17	22.8	2.5	1.7	1.6			258132	667568
Raith Rovers	7	200	250	17	17	21.3	2	1.2	1.1			311951.4818	684800.8007
Albion Rovers	8	140	140	12	12	16	2	1	1			274164	664734
Alloa	8	150	170	13	13	16.5	2	1	0.5			289461	692996
Arbroath	8	180	180	12	12	16.5	2	1.5	1	56.55237414	-2.591234523	363751.538	740200.0003
Ayr United	8	205	220	15	15	19.5	2	1.5	1			234467	622611
Brechin City	8	180	200	12	12	15.7	2	1.2	0.5			359803	760754
East Fife	8	160	180	13	13	17.3	2	1.3	1			337842	699975
Forfar Athletic	8	190	200	12	13	15.1	1.5	1	0.6			346070	751588
Queen Of The South	8	230	240	15	15	20.1	2.5	1.5	1.1			296304	576265
Stenhousemuir	8	170	180	12	13	16.1	1.5	1.6	1			287028	683151
Stranraer	8	140	140	12	12	16.2	2	1.2	1			207030	560681
Annan Athletic	9	115	130	10	10	14	1.5	1.5	1			319362	567229
Berwick Rangers	9	140	140	10	10	15.2	2	2	1.2			399030	651839
Clyde	9	150	200	12	12	17.3	2.5	1.6	1.2			272877	674284
East Stirlingshire	9	120	120	10	10	14.2	2	1.2	1			287028	683151
Elgin City	9	145	175	10	12	14	2	1.4	0.6			321178	863179
Montrose	9	90	180	6	11	10.6	2	1.6	1			371899	758131
Peterhead	9	135	200	12	12	17	2.5	1.5	1			412517	846804
Queens Park	9	160	160	12	12	18.4	2	2.2	2.2			259113	661420
Rangers	9	258	411	16	20	23	3	2	2			255575	664549
Stirling Albion	9	150	150	10	10	16.3	3	1.8	1.5			281169	693462
Arsenal Ladies	10	30	30	5	5	7.5	1.5	0	1	51.554928	-0.108597	531224.7116	185699.6393
Birmingham Ladies	10	40	40	6	6	9.5	2.5	0	1	52.475762	-1.868556	409025.015	286433.8734
Everton Ladies	10	22	22	4	4	10.5	2	3	1.5	53.438659	-2.966137	335917.6429	393977.4031
Bristol Academy	10	0	0	0	0	0	0	0	0	51.5123369	-2.554505216	361616.307	179413.7524
Chelsea Ladies	10	30	30	5	5	10.6	2	2.6	1	51.481757	-0.190737	525731.6839	177418.6429
Lincoln Ladies	10	23.45	30	6	6	8.5	1.5	0	1	53.218266	-0.540819	497528.8608	370016.9404
Doncaster Belles	10	28	28	6	6	13.4	2	3.4	2	53.516226	-1.104641	459467.2353	402544.9294
Liverpool Ladies	10	0	0	4.5	4.5	9.3	2	2	0.8	53.430887	-2.960901	336253.8063	393108.0786
